The following configurations provide evidence for the series extension beyond Flammenkamp's work by filling in the gaps and extending to N=60. The first unknown case is now N=61.

N=47:
[(46, 29), (17, 46), (29, 0), (0, 17), (25, 0), (46, 25), (0, 21), (21, 46), (1, 12), (12, 45), (45, 34), (34, 1), (20, 1), (26, 45), (1, 26), (45, 20), (13, 2), (44, 13), (2, 33), (33, 44), (10, 2), (44, 10), (36, 44), (2, 36), (3, 8), (8, 43), (43, 38), (38, 3), (3, 35), (35, 43), (11, 3), (43, 11), (42, 27), (19, 42), (27, 4), (4, 19), (7, 4), (4, 39), (39, 42), (42, 7), (41, 37), (5, 9), (37, 5), (9, 41), (25, 5), (5, 21), (41, 25), (21, 41), (24, 6), (40, 24), (6, 22), (22, 40), (28, 40), (18, 6), (40, 18), (6, 28), (30, 7), (7, 16), (39, 30), (16, 39), (8, 8), (38, 38), (37, 15), (31, 37), (9, 31), (15, 9), (36, 34), (34, 10), (10, 12), (12, 36), (31, 11), (35, 31), (15, 35), (11, 15), (26, 33), (13, 26), (33, 20), (20, 13), (27, 14), (14, 19), (19, 32), (32, 27), (14, 29), (29, 32), (32, 17), (17, 14), (28, 16), (30, 28), (18, 30), (16, 18), (23, 22), (23, 24), (24, 23), (22, 23)]

N=49:
[(0, 13), (35, 0), (48, 35), (13, 48), (17, 0), (0, 31), (31, 48), (48, 17), (1, 18), (47, 30), (18, 47), (30, 1), (25, 47), (23, 1), (1, 25), (47, 23), (2, 9), (9, 46), (39, 2), (46, 39), (44, 46), (2, 44), (46, 4), (4, 2), (45, 43), (43, 3), (5, 45), (3, 5), (26, 45), (3, 26), (22, 3), (45, 22), (4, 38), (10, 4), (38, 44), (44, 10), (5, 20), (28, 5), (43, 28), (20, 43), (42, 32), (16, 42), (32, 6), (6, 16), (30, 6), (6, 18), (42, 30), (18, 42), (7, 32), (16, 7), (41, 16), (32, 41), (10, 7), (7, 38), (38, 41), (41, 10), (8, 24), (24, 8), (40, 24), (24, 40), (40, 20), (28, 40), (20, 8), (8, 28), (36, 39), (39, 12), (9, 36), (12, 9), (33, 11), (37, 33), (11, 15), (15, 37), (11, 19), (19, 37), (29, 11), (37, 29), (36, 23), (23, 12), (25, 36), (12, 25), (13, 14), (35, 34), (14, 35), (34, 13), (14, 29), (19, 14), (29, 34), (34, 19), (33, 33), (15, 15), (21, 31), (31, 27), (27, 17), (17, 21), (26, 21), (27, 26), (21, 22), (22, 27)]

N=51:
[(50, 50), (0, 0), (20, 50), (0, 20), (50, 30), (30, 0), (26, 49), (49, 24), (1, 26), (24, 1), (1, 35), (35, 49), (49, 15), (15, 1), (48, 37), (13, 48), (2, 13), (37, 2), (16, 2), (48, 16), (2, 34), (34, 48), (3, 29), (21, 3), (47, 21), (29, 47), (47, 19), (19, 3), (3, 31), (31, 47), (14, 46), (46, 36), (36, 4), (4, 14), (27, 4), (4, 23), (46, 27), (23, 46), (5, 9), (9, 45), (45, 41), (41, 5), (44, 45), (5, 44), (45, 6), (6, 5), (14, 6), (6, 36), (44, 14), (36, 44), (18, 43), (43, 32), (7, 18), (32, 7), (7, 26), (24, 7), (43, 24), (26, 43), (16, 8), (42, 16), (8, 34), (34, 42), (11, 8), (42, 11), (39, 42), (8, 39), (10, 9), (9, 40), (41, 10), (40, 41), (40, 38), (12, 40), (10, 12), (38, 10), (11, 29), (29, 39), (21, 11), (39, 21), (12, 33), (17, 12), (33, 38), (38, 17), (37, 28), (28, 13), (22, 37), (13, 22), (22, 35), (15, 22), (35, 28), (28, 15), (20, 17), (17, 30), (30, 33), (33, 20), (27, 18), (32, 27), (18, 23), (23, 32), (19, 25), (31, 25), (25, 19), (25, 31)]

N=53:
[(16, 52), (52, 36), (0, 16), (36, 0), (0, 20), (32, 0), (52, 32), (20, 52), (1, 34), (34, 51), (51, 18), (18, 1), (51, 15), (15, 1), (37, 51), (1, 37), (2, 20), (50, 32), (20, 50), (32, 2), (25, 50), (50, 27), (27, 2), (2, 25), (3, 24), (24, 49), (28, 3), (49, 28), (3, 41), (11, 3), (41, 49), (49, 11), (48, 21), (21, 4), (31, 48), (4, 31), (19, 4), (4, 33), (33, 48), (48, 19), (5, 5), (47, 47), (8, 47), (44, 5), (47, 44), (5, 8), (14, 46), (6, 14), (46, 38), (38, 6), (6, 24), (28, 6), (46, 28), (24, 46), (45, 44), (8, 45), (44, 7), (7, 8), (7, 21), (31, 7), (21, 45), (45, 31), (9, 10), (10, 43), (42, 9), (43, 42), (9, 39), (13, 9), (39, 43), (43, 13), (29, 42), (42, 23), (10, 29), (23, 10), (30, 41), (11, 30), (41, 22), (22, 11), (12, 34), (34, 40), (40, 18), (18, 12), (17, 12), (12, 35), (40, 17), (35, 40), (13, 19), (33, 13), (19, 39), (39, 33), (38, 35), (35, 14), (17, 38), (14, 17), (30, 15), (15, 22), (22, 37), (37, 30), (26, 16), (36, 26), (16, 26), (26, 36), (25, 29), (27, 23), (23, 25), (29, 27)]

N=54:
[(53, 31), (31, 0), (22, 53), (0, 22), (24, 53), (0, 24), (53, 29), (29, 0), (22, 1), (31, 52), (1, 31), (52, 22), (1, 34), (52, 19), (34, 52), (19, 1), (51, 37), (2, 16), (16, 51), (37, 2), (41, 51), (51, 12), (12, 2), (2, 41), (3, 7), (7, 50), (50, 46), (46, 3), (29, 3), (3, 24), (50, 29), (24, 50), (4, 15), (15, 49), (49, 38), (38, 4), (36, 49), (17, 4), (4, 36), (49, 17), (42, 5), (11, 48), (5, 11), (48, 42), (48, 9), (9, 5), (5, 44), (44, 48), (36, 6), (47, 36), (17, 47), (6, 17), (9, 6), (44, 47), (47, 9), (6, 44), (46, 23), (23, 7), (7, 30), (30, 46), (8, 25), (45, 28), (28, 8), (25, 45), (33, 45), (20, 8), (8, 33), (45, 20), (34, 43), (10, 34), (19, 10), (43, 19), (18, 10), (35, 43), (10, 35), (43, 18), (39, 11), (14, 42), (11, 14), (42, 39), (41, 40), (12, 13), (40, 12), (13, 41), (40, 32), (13, 21), (21, 40), (32, 13), (39, 23), (14, 30), (30, 39), (23, 14), (15, 33), (38, 20), (20, 15), (33, 38), (16, 35), (35, 37), (37, 18), (18, 16), (26, 21), (32, 26), (21, 27), (27, 32), (27, 25), (26, 28), (25, 26), (28, 27)]

N=55:
[(26, 0), (54, 26), (28, 54), (0, 28), (0, 29), (29, 54), (54, 25), (25, 0), (23, 1), (53, 23), (1, 31), (31, 53), (35, 53), (1, 35), (53, 19), (19, 1), (2, 14), (14, 52), (40, 2), (52, 40), (2, 48), (52, 6), (6, 2), (48, 52), (3, 18), (18, 51), (36, 3), (51, 36), (51, 12), (3, 42), (42, 51), (12, 3), (4, 4), (50, 50), (18, 50), (4, 18), (50, 36), (36, 4), (5, 9), (45, 5), (49, 45), (9, 49), (5, 32), (22, 5), (49, 22), (32, 49), (48, 43), (11, 48), (43, 6), (6, 11), (7, 26), (28, 7), (47, 28), (26, 47), (7, 32), (47, 22), (22, 7), (32, 47), (46, 35), (8, 19), (35, 8), (19, 46), (34, 8), (8, 20), (20, 46), (46, 34), (25, 45), (29, 9), (45, 29), (9, 25), (44, 41), (13, 44), (41, 10), (10, 13), (15, 10), (10, 39), (44, 15), (39, 44), (11, 13), (13, 43), (43, 41), (41, 11), (12, 21), (21, 42), (42, 33), (33, 12), (40, 38), (38, 14), (14, 16), (16, 40), (31, 39), (39, 23), (15, 31), (23, 15), (38, 24), (16, 30), (24, 16), (30, 38), (34, 17), (37, 34), (17, 20), (20, 37), (24, 37), (17, 24), (30, 17), (37, 30), (27, 21), (21, 27), (27, 33), (33, 27)]

N=56:
[(28, 55), (27, 0), (55, 27), (0, 28), (55, 12), (43, 55), (0, 43), (12, 0), (5, 54), (50, 1), (54, 50), (1, 5), (54, 3), (1, 52), (52, 54), (3, 1), (13, 53), (53, 42), (2, 13), (42, 2), (33, 53), (2, 33), (22, 2), (53, 22), (28, 3), (52, 28), (3, 27), (27, 52), (33, 51), (4, 33), (51, 22), (22, 4), (18, 4), (37, 51), (51, 18), (4, 37), (5, 26), (50, 29), (26, 50), (29, 5), (17, 49), (49, 38), (38, 6), (6, 17), (49, 16), (16, 6), (39, 49), (6, 39), (48, 32), (32, 7), (7, 23), (23, 48), (48, 20), (35, 48), (20, 7), (7, 35), (35, 8), (8, 20), (20, 47), (47, 35), (8, 30), (25, 8), (30, 47), (47, 25), (9, 10), (10, 46), (46, 45), (45, 9), (14, 46), (46, 41), (41, 9), (9, 14), (45, 36), (36, 10), (19, 45), (10, 19), (37, 44), (11, 37), (44, 18), (18, 11), (11, 41), (44, 14), (41, 44), (14, 11), (12, 21), (21, 43), (34, 12), (43, 34), (29, 42), (42, 26), (26, 13), (13, 29), (40, 25), (15, 30), (25, 15), (30, 40), (36, 40), (19, 15), (15, 36), (40, 19), (39, 34), (34, 16), (16, 21), (21, 39), (38, 31), (31, 17), (17, 24), (24, 38), (32, 31), (24, 32), (31, 23), (23, 24)]

N=57:
[(31, 56), (0, 31), (25, 0), (56, 25), (44, 56), (12, 0), (56, 12), (0, 44), (23, 55), (1, 23), (33, 1), (55, 33), (20, 1), (1, 36), (55, 20), (36, 55), (23, 2), (2, 33), (33, 54), (54, 23), (9, 2), (54, 9), (47, 54), (2, 47), (24, 53), (3, 24), (53, 32), (32, 3), (53, 6), (50, 53), (3, 50), (6, 3), (50, 4), (6, 52), (4, 6), (52, 50), (52, 32), (32, 4), (4, 24), (24, 52), (5, 16), (51, 40), (40, 5), (16, 51), (51, 38), (18, 51), (38, 5), (5, 18), (7, 11), (11, 49), (45, 7), (49, 45), (7, 43), (49, 13), (43, 49), (13, 7), (16, 48), (48, 40), (8, 16), (40, 8), (30, 8), (8, 26), (26, 48), (48, 30), (27, 9), (9, 29), (47, 27), (29, 47), (10, 10), (46, 46), (10, 37), (46, 19), (19, 10), (37, 46), (19, 11), (11, 37), (37, 45), (45, 19), (12, 21), (44, 35), (21, 44), (35, 12), (39, 13), (43, 39), (13, 17), (17, 43), (41, 14), (14, 15), (42, 41), (15, 42), (30, 14), (42, 30), (14, 26), (26, 42), (15, 17), (17, 41), (39, 15), (41, 39), (38, 28), (18, 28), (28, 18), (28, 38), (25, 36), (20, 25), (31, 20), (36, 31), (22, 21), (34, 35), (35, 22), (21, 34), (27, 22), (34, 27), (29, 34), (22, 29)]

N=58:
[(0, 30), (27, 0), (57, 27), (30, 57), (36, 57), (0, 36), (57, 21), (21, 0), (56, 43), (1, 14), (43, 1), (14, 56), (38, 1), (56, 38), (1, 19), (19, 56), (38, 2), (19, 55), (55, 38), (2, 19), (40, 55), (17, 2), (2, 40), (55, 17), (54, 31), (3, 26), (31, 3), (26, 54), (54, 30), (27, 54), (3, 27), (30, 3), (46, 53), (53, 11), (4, 46), (11, 4), (4, 49), (49, 53), (8, 4), (53, 8), (5, 15), (42, 5), (52, 42), (15, 52), (52, 6), (5, 51), (6, 5), (51, 52), (51, 20), (20, 6), (37, 51), (6, 37), (50, 39), (18, 50), (7, 18), (39, 7), (50, 10), (10, 7), (7, 47), (47, 50), (40, 49), (49, 17), (17, 8), (8, 40), (29, 48), (9, 29), (28, 9), (48, 28), (32, 48), (25, 9), (48, 25), (9, 32), (10, 32), (25, 10), (47, 25), (32, 47), (46, 13), (44, 46), (13, 11), (11, 44), (15, 45), (45, 42), (42, 12), (12, 15), (45, 28), (28, 12), (12, 29), (29, 45), (44, 39), (18, 44), (39, 13), (13, 18), (35, 14), (22, 43), (43, 35), (14, 22), (41, 36), (36, 16), (16, 21), (21, 41), (16, 35), (22, 16), (41, 22), (35, 41), (37, 33), (24, 37), (20, 24), (33, 20), (34, 34), (23, 34), (23, 23), (34, 23), (31, 33), (24, 31), (26, 24), (33, 26)]

N=59:
[(0, 12), (58, 46), (12, 58), (46, 0), (24, 0), (58, 24), (34, 58), (0, 34), (26, 57), (57, 32), (1, 26), (32, 1), (38, 57), (20, 1), (57, 20), (1, 38), (2, 27), (31, 2), (27, 56), (56, 31), (56, 29), (29, 56), (2, 29), (29, 2), (15, 55), (43, 3), (3, 15), (55, 43), (55, 23), (3, 35), (35, 55), (23, 3), (7, 54), (51, 4), (4, 7), (54, 51), (48, 54), (10, 4), (54, 10), (4, 48), (21, 53), (5, 21), (37, 5), (53, 37), (5, 25), (53, 33), (25, 53), (33, 5), (19, 6), (39, 52), (52, 19), (6, 39), (13, 6), (52, 13), (45, 52), (6, 45), (14, 51), (51, 44), (44, 7), (7, 14), (50, 42), (8, 16), (16, 50), (42, 8), (50, 32), (26, 50), (8, 26), (32, 8), (49, 49), (9, 9), (9, 11), (49, 47), (47, 9), (11, 49), (31, 10), (10, 27), (27, 48), (48, 31), (11, 37), (21, 11), (47, 21), (37, 47), (12, 16), (46, 42), (42, 12), (16, 46), (24, 13), (34, 45), (13, 34), (45, 24), (44, 40), (14, 18), (18, 44), (40, 14), (25, 43), (43, 33), (33, 15), (15, 25), (36, 41), (17, 36), (41, 22), (22, 17), (41, 18), (17, 40), (18, 17), (40, 41), (39, 28), (19, 30), (28, 19), (30, 39), (38, 23), (20, 35), (35, 38), (23, 20), (36, 28), (22, 30), (30, 36), (28, 22)]

N=60:
 [(39, 0), (0, 20), (59, 39), (20, 59), (0, 46), (46, 59), (13, 0), (59, 13), (35, 58), (1, 35), (58, 24), (24, 1), (1, 39), (20, 1), (39, 58), (58, 20), (2, 31), (31, 57), (28, 2), (57, 28), (2, 42), (17, 2), (42, 57), (57, 17), (15, 56), (3, 15), (56, 44), (44, 3), (40, 3), (3, 19), (56, 40), (19, 56), (4, 26), (33, 4), (26, 55), (55, 33), (55, 18), (41, 55), (4, 41), (18, 4), (5, 9), (50, 5), (54, 50), (9, 54), (54, 10), (5, 49), (49, 54), (10, 5), (8, 53), (6, 8), (53, 51), (51, 6), (6, 23), (53, 36), (36, 6), (23, 53), (30, 7), (52, 30), (7, 29), (29, 52), (46, 52), (52, 13), (7, 46), (13, 7), (8, 18), (41, 8), (18, 51), (51, 41), (50, 22), (37, 50), (22, 9), (9, 37), (49, 28), (28, 10), (31, 49), (10, 31), (21, 48), (11, 21), (38, 11), (48, 38), (17, 11), (11, 42), (48, 17), (42, 48), (47, 12), (12, 12), (12, 47), (47, 47), (29, 14), (14, 30), (45, 29), (30, 45), (14, 40), (19, 14), (40, 45), (45, 19), (15, 27), (32, 15), (27, 44), (44, 32), (36, 16), (23, 43), (43, 36), (16, 23), (16, 25), (34, 16), (43, 34), (25, 43), (38, 35), (35, 21), (24, 38), (21, 24), (33, 37), (37, 26), (26, 22), (22, 33), (34, 32), (32, 25), (27, 34), (25, 27)]

Configurations for N<47 and N=48, 50, and 52 can be found at https://wwwhomes.uni-bielefeld.de/achim/no3in/readme.html